# train_loss / val_loss
0.923281 0.716709
0.474922 0.454436
0.372327 0.377390
0.301049 0.328640
0.260442 0.288721
0.239952 0.278716
0.202876 0.249221
0.181839 0.226937
0.161708 0.231841
0.153126 0.217857
0.140697 0.207587
0.132560 0.210445
0.118319 0.193913
0.110500 0.191764
0.103436 0.186678
0.094245 0.174749
0.087003 0.166852
0.085952 0.178654
0.079529 0.157899
0.071620 0.155807
0.067134 0.149779
0.063974 0.142969
0.062550 0.145849
0.057858 0.141742
0.054897 0.129921
0.054096 0.131487
0.054037 0.140480
0.048613 0.129855
0.047023 0.129725
0.044487 0.127650
0.045755 0.122912
0.043436 0.117346
0.042654 0.119665
0.040084 0.116380
0.041474 0.119877
0.038039 0.116783
0.036569 0.109668
0.037869 0.115589
0.036593 0.108177
0.034019 0.111943
0.035363 0.112392
0.034367 0.110256
0.032358 0.114904
