# train_loss / val_loss
1.602656 1.136156
1.133841 1.044112
0.961942 0.804183
0.827206 0.690658
0.747466 0.711198
0.656927 0.665340
0.567936 0.519020
0.489990 0.485336
0.424199 0.450870
0.389572 0.421740
0.308030 0.431971
0.251905 0.369552
0.220144 0.320155
0.186874 0.300573
0.160533 0.306232
0.135964 0.278579
0.120737 0.308570
0.104149 0.329130
0.098203 0.271074
0.088950 0.237117
0.074406 0.205420
0.065140 0.275896
0.054766 0.276763
0.059697 0.200332
0.046657 0.217016
0.043023 0.265082
0.033864 0.285733
0.037097 0.288314
0.036766 0.149110
0.036585 0.209487
0.046602 0.166272
0.029731 0.252843
0.034104 0.193421
0.027849 0.195029
0.019399 0.270576
0.025644 0.205975
