# train_loss / val_loss
1.411090 0.741960
0.777680 0.652649
0.603300 0.525998
0.526781 0.463111
0.429487 0.486654
0.349242 0.377112
0.275960 0.367789
0.220181 0.391176
0.222342 0.278341
0.147676 0.255306
0.097065 0.228423
0.085841 0.273611
0.076180 0.424590
0.061575 0.327901
0.070236 0.335761
0.049600 0.226345
0.046754 0.244583
0.056775 0.196478
0.024242 0.199043
0.027672 0.210762
0.032850 0.339552
0.025554 0.176797
0.018461 0.313524
0.025160 0.237712
0.020181 0.228417
0.022849 0.259769
0.014449 0.189849
0.014692 0.209586
0.020544 0.205253
0.012275 0.255075
